10772801
10797401
10906202
11500401
11521401
11521402
11751405
12044901
12044902
12248701
12625704
12980606
12993707
13021003
13091801
13115404
13154101
13154102
13172102
13177108
13241901
13241904
13275501
13275503
13275504
13345104
13411001
13418001
13420902
13439006
13473602
13569901
13577912
13584601
13584603
13606001
13708201
13740002
13762502
13883401
13883404
13883405
13883406
14000303
14070301
14157904
14167302
14300705
14393501
14443102
14479304
14483601
14561702
14651101
14694503
14756602
14811902
14848301
14859301
15113901
15682805
16315502
16493201
16739903
16815201
16822401
16860603
17013706
17013707
17033101
17033102
17049002
17385703
17565401
17925204
17947801
18004401
18012301
40455602
40655404
40875301
40920501
41024402
41380902
